CONV NORM
# 11x11, FWHM=3 pixels : write.table(formatC(gauss2d(size=11, fwhm=3), format="f", digits=5), file="temp.txt", row.names=FALSE, col.names=FALSE, quote=FALSE)
0.00000 0.00000 0.00000 0.00001 0.00003 0.00004 0.00003 0.00001 0.00000 0.00000 0.00000
0.00000 0.00001 0.00004 0.00021 0.00052 0.00071 0.00052 0.00021 0.00004 0.00001 0.00000
0.00000 0.00004 0.00038 0.00179 0.00450 0.00613 0.00450 0.00179 0.00038 0.00004 0.00000
0.00001 0.00021 0.00179 0.00834 0.02102 0.02860 0.02102 0.00834 0.00179 0.00021 0.00001
0.00003 0.00052 0.00450 0.02102 0.05296 0.07206 0.05296 0.02102 0.00450 0.00052 0.00003
0.00004 0.00071 0.00613 0.02860 0.07206 0.09806 0.07206 0.02860 0.00613 0.00071 0.00004
0.00003 0.00052 0.00450 0.02102 0.05296 0.07206 0.05296 0.02102 0.00450 0.00052 0.00003
0.00001 0.00021 0.00179 0.00834 0.02102 0.02860 0.02102 0.00834 0.00179 0.00021 0.00001
0.00000 0.00004 0.00038 0.00179 0.00450 0.00613 0.00450 0.00179 0.00038 0.00004 0.00000
0.00000 0.00001 0.00004 0.00021 0.00052 0.00071 0.00052 0.00021 0.00004 0.00001 0.00000
0.00000 0.00000 0.00000 0.00001 0.00003 0.00004 0.00003 0.00001 0.00000 0.00000 0.00000
