CONV NORM
0.00000 0.00000 0.00000 0.00000 0.00000 0.00000 0.00000 0.00000 0.00000 0.00000 0.00000
0.00000 0.00000 0.00000 0.00000 0.00000 0.00000 0.00000 0.00000 0.00000 0.00000 0.00000
0.00000 0.00000 0.00000 0.00003 0.00022 0.00043 0.00022 0.00003 0.00000 0.00000 0.00000
0.00000 0.00000 0.00003 0.00086 0.00689 0.01379 0.00689 0.00086 0.00003 0.00000 0.00000
0.00000 0.00000 0.00022 0.00689 0.05516 0.11032 0.05516 0.00689 0.00022 0.00000 0.00000
0.00000 0.00000 0.00043 0.01379 0.11032 0.22064 0.11032 0.01379 0.00043 0.00000 0.00000
0.00000 0.00000 0.00022 0.00689 0.05516 0.11032 0.05516 0.00689 0.00022 0.00000 0.00000
0.00000 0.00000 0.00003 0.00086 0.00689 0.01379 0.00689 0.00086 0.00003 0.00000 0.00000
0.00000 0.00000 0.00000 0.00003 0.00022 0.00043 0.00022 0.00003 0.00000 0.00000 0.00000
0.00000 0.00000 0.00000 0.00000 0.00000 0.00000 0.00000 0.00000 0.00000 0.00000 0.00000
0.00000 0.00000 0.00000 0.00000 0.00000 0.00000 0.00000 0.00000 0.00000 0.00000 0.00000
